826
832
5
774
489
261
734
521
547
308
103
181
464
564
85
844
312
536
19
722
543
108
657
767
16
586
452
436
927
856
581
937
707
595
426
415
979
915
360
475
611
310
434
666
350
859
579
289
759
117
365
755
366
129
282
352
570
392
330
952
193
169
141
631
974
772
896
132
709
20
535
208
404
939
322
883
609
202
329
605
387
621
219
846
136
876
42
855
830
902
970
857
956
946
619
487
540
346
565
589
613
882
958
955
835
800
321
530
302
646
347
899
233
622
728
658
944
501
810
407
493
272
195
295
204
684
629
372
456
79
277
223
248
221
164
122
819
411
816
449
95
910
461
1
342
105
186
854
610
494
982
334
403
539
294
478
901
56
592
15
23
699
676
710
978
778
77
228
544
178
224
754
357
142
250
790
258
198
959
137
251
713
703
76
408
113
781
400
179
741
532
254
345
571
723
789
567
397
109
695
271
829
513
625
590
773
296
617
326
626
197
148
686
74
200
134
374
905
975
941
257
38
398
962
222
538
650
615
215
782
427
183
680
880
799
450
125
225
560
275
0
879
35
760
848
270
523
486
977
519
802
822
689
988
303
206
900
693
641
344
359
951
823
36
788
323
897
4
112
21
175
526
333
268
463
46
119
895
131
752
368
871
522
59
351
71
160
170
732
999
44
34
998
253
471
725
348
232
402
220
245
804
453
247
727
423
267
861
127
576
362
287
140
240
612
39
373
898
419
315
744
500
433
558
18
577
454
51
147
603
655
291
281
379
188
356
380
739
353
243
908
945
94
886
877
304
904
550
795
511
748
311
933
743
262
874
841
654
545
189
479
885
985
65
840
659
766
548
481
801
87
873
429
216
783
154
418
649
492
285
32
792
642
514
422
390
762
957
382
786
665
643
13
231
443
460
670
537
246
587
26
714
520
81
435
47
101
525
950
151
932
7
417
724
868
745
274
914
746
921
70
849
283
203
949
495
636
99
969
761
299
48
671
527
936
143
114
124
386
378
931
972
43
470
29
482
123
78
60
573
298
509
862
909
688
6
884
361
369
205
597
440
328
485
828
843
430
508
45
84
273
872
821
942
750
798
954
517
847
645
63
284
549
652
49
155
465
180
687
679
967
128
491
477
244
241
983
839
37
459
805
91
553
229
260
97
860
771
90
635
484
990
201
749
448
467
230
756
8
730
673
928
993
442
441
692
852
929
850
704
72
305
634
721
496
212
100
690
753
156
184
965
715
797
354
276
926
367
263
98
806
546
836
17
92
451
833
437
177
218
542
837
863
388
428
412
28
557
110
660
996
332
363
480
57
162
814
808
503
620
924
115
384
9
997
763
869
210
624
432
133
934
458
149
987
14
64
994
632
234
278
504
889
878
515
490
406
431
912
30
606
252
648
971
445
938
31
249
144
662
314
726
75
11
211
976
601
681
541
163
474
569
894
607
562
191
995
906
349
420
135
751
158
414
209
813
757
301
697
563
182
192
167
675
318
150
126
851
566
457
747
102
116
196
242
266
62
377
187
887
989
992
307
656
842
911
916
685
444
593
259
236
185
623
637
86
265
324
674
473
286
864
499
518
533
736
531
980
339
483
737
421
292
502
68
401
340
768
524
146
968
825
371
364
738
953
2
925
594
591
596
682
903
718
173
343
785
740
735
991
153
438
226
24
300
831
787
824
174
69
506
516
172
961
834
293
561
280
138
794
381
677
239
235
512
639
335
317
130
53
633
575
775
820
413
297
476
568
337
647
769
742
199
691
669
705
638
812
391
27
227
96
306
497
845
238
320
25
61
866
791
708
717
716
584
446
711
385
88
698
3
468
462
33
827
213
383
10
556
505
107
104
729
604
237
574
907
389
731
858
214
943
640
469
893
309
796
399
588
316
52
395
984
765
358
120
313
161
80
793
121
964
628
811
168
653
424
394
966
393
319
719
41
922
963
410
890
803
888
376
290
50
627
776
618
447
171
279
585
118
706
780
784
809
111
145
83
55
93
256
396
336
139
891
370
920
507
892
948
22
194
602
425
455
644
269
779
73
288
661
54
700
696
630
552
651
940
498
409
917
935
960
986
875
338
870
608
217
865
853
534
106
255
600
777
818
712
439
472
554
664
981
599
930
325
973
528
12
683
817
529
947
40
58
89
764
159
720
165
331
488
82
598
672
551
583
67
510
668
416
572
355
264
701
614
770
881
838
375
176
923
190
667
578
702
694
405
807
616
580
66
207
913
867
466
559
815
758
663
152
582
166
157
919
678
733
327
555
918
341
